6760
6330
9068
6280
2669
6209
5749
8767
4796
7184
1468
8503
5650
2784
9392
9631
2096
9724
3614
226
2404
5666
617
2887
6120
9812
7929
2525
2677
207
9288
5788
6537
4707
8419
5557
7268
520
4324
2063
7703
2143
566
9705
4926
6309
5687
3374
2384
9300
3599
1139
1318
4215
4026
7437
378
8306
6313
9406
8512
5600
1545
1400
307
9963
6957
7574
482
1280
5988
4537
3422
2905
4241
4699
5565
9927
8072
7949
5578
1670
9087
6895
2236
9464
683
8965
7769
6996
8370
2633
8947
9914
4032
5605
6229
988
3178
6710
8619
5518
7598
8392
4774
8190
3091
339
8116
1162
8287
46
9184
3725
3292
7771
9541
3975
6736
3661
7322
1457
6293
6268
1371
6677
1873
7599
7664
1402
660
2635
6919
4610
7378
1693
2799
468
2031
7267
7982
6669
7312
3517
6745
6955
7639
2637
929
726
6298
8250
2183
2590
870
9905
9266
2742
3855
3282
4143
866
2268
7414
5475
9645
5458
8274
6465
3840
1892
798
6860
5555
4314
3604
2509
8304
6241
9790
9030
2538
4391
7564
1479
5260
3820
7097
8001
7674
378
8496
8539
8997
5909
4014
8641
1366
8639
5105
1557
530
5902
8416
6084
6567
2019
4944
1223
4611
4733
252
3500
9124
4167
1331
4383
7986
8427
2384
2011
5156
7231
549
4152
3139
914
9144
856
5904
4249
2412
6433
6502
827
8868
9421
9197
3812
643
160
4896
7246
3659
4019
7764
4989
8402
2101
3415
7137
4111
4922
719
1011
9073
3857
8277
8217
1064
4180
8817
9827
6965
1670
653
5832
1090
6201
5995
1732
6360
891
5329
19
1261
3092
1359
6014
5192
1126
3150
9302
6047
3868
313
5120
4076
8589
9688
1491
9120
8504
1317
6084
173
1969
8268
7615
4522
614
9346
881
1504
4675
7251
9117
7766
4962
5130
9310
6087
4632
8611
2133
8499
5275
3604
8927
215
3291
417
9335
8146
1734
1770
8319
54
37
5933
927
651
1630
1808
8506
2656
5410
7622
6774
371
2752
6083
6457
7383
1045
4942
2233
6320
8545
7511
2886
8188
4280
2220
6333
2365
3990
1003
8770
378
3287
9697
1028
1269
7856
5886
3924
3265
3507
7049
9988
2610
3131
2796
6344
528
7737
4929
6847
2634
8791
9732
821
3070
8304
3505
1786
8645
860
556
9022
4146
252
6402
5414
4459
2287
5690
4075
2145
9090
4062
1107
2221
3210
3802
9100
946
8730
5946
9931
7521
2029
7103
6942
6684
6960
8728
5328
7819
9283
702
1964
5886
3455
3730
344
2093
5771
770
589
4860
4832
1695
3432
8041
5497
2531
5338
578
4828
1621
4450
6857
8723
1392
9892
5682
6471
1572
9852
5753
2273
1816
7990
2079
1897
4685
4171
7667
5454
4759
8878
6637
2806
2310
1029
8302
4840
2719
5231
6020
4339
9681
2876
9413
1072
9119
1447
7542
690
1298
9646
9314
9465
3987
1392
1361
8671
1914
5379
476
6673
4257
7113
9478
6566
4493
4131
7757
7211
9361
3776
7901
9041
3003
7314
6464
2122
5112
357
9163
6409
6354
8477
5874
340
9868
7234
5362
1782
2613
5838
4806
3221
9302
635
9786
3794
1117
3894
7357
477
7670
5257
5870
672
8922
8685
9145
4033
9042
8308
442
5395
6784
2667
2087
3003
9900
7448
1136
8864
3285
5941
8436
2586
2927
8221
2732
4043
2115
88
872
6136
1696
6741
3159
6970
1777
8656
1002
818
6963
7795
2565
98
461
4651
9452
6713
8450
588
1928
1735
2880
364
672
2159
4936
9755
6201
3402
6194
7072
9537
7890
164
2696
4859
8293
1351
2212
5462
4665
7
8026
1114
467
9028
565
3531
3830
7504
5459
5564
6736
5822
2587
8894
7109
2342
5094
511
8535
8518
47
2776
5033
9094
7634
3325
6796
9846
5139
7812
6204
9516
8925
3022
4896
5842
6553
8725
3345
2011
640
80
4184
3226
8973
1292
1919
419
1802
454
5288
8201
9581
6672
7294
7215
6349
442
3412
1487
8253
5967
1002
3530
8988
5897
9371
5540
4621
2715
3902
5260
9147
4437
4838
8119
5729
6756
4889
3882
3561
6528
8434
3142
3200
2080
6708
9548
2521
6471
1034
7125
2437
8387
654
7776
636
24
3316
5256
2739
3569
6868
8237
8006
1705
2707
3734
4812
7596
3967
8373
4123
2401
7866
3674
4480
4573
3221
3352
1043
606
476
9831
5345
1130
7606
5980
1153
7273
1235
243
842
4454
8479
8847
2510
7538
8932
7322
5133
9250
2046
5607
1650
9911
9281
2481
4483
8853
5832
1877
9459
2660
8059
4803
3789
5664
782
1293
2937
8368
7888
130
9174
2718
8976
1683
255
4259
5356
1739
3508
7401
7346
1510
7311
6626
3990
8145
5478
6174
21
1288
8833
4431
2442
8973
95
9575
6617
9383
7943
4504
9512
3468
7222
4839
5150
3828
5449
506
5567
8956
7906
2912
6817
1569
5889
7159
9713
7718
3332
6086
9006
8516
516
1447
3840
6962
1022
456
6344
5316
4960
2207
8783
8533
3397
284
2360
8845
789
7926
7801
5047
7189
4617
2967
3077
1775
9031
795
1458
1468
6152
6325
1984
3950
164
5297
1323
620
7993
2990
1931
199
1772
463
9948
8408
9174
8792
9196
7100
2944
594
640
3913
9912
3717
2039
8943
863
3497
410
3366
6173
8745
3667
6337
4042
4990
3308
8386
7979
5238
4936
6103
2052
4883
4510
1225
3675
57
4676
2970
651
5316
6882
562
5384
8921
5856
2598
8769
6266
2315
4941
1362
5981
7629
1755
970
936
140
8949
2525
5076
1403
4576
6310
5912
2153
9984
5968
3180
9306
6618
4847
6187
3532
230
5107
5739
9179
227
8356
1493
5168
9718
3826
2796
1472
4795
3732
7964
95
2608
9391
1497
7184
5700
7408
5688
2036
3376
8867
1341
6345
3714
7527
6228
295
8986
1967
5826
9212
322
7318
4379
6391
7495
3527
7863
2290
3610
2178
8736
6217
1568
6585
9752
7267
344
5439
5654
71
4306
6994
6416
4371
873
8995
