7
19
21
24
37
46
47
54
57
71
80
88
95
95
98
130
140
160
164
164
173
199
207
215
226
227
230
243
252
252
255
284
295
307
313
322
339
340
344
344
357
364
371
378
378
378
410
417
419
442
442
454
456
461
463
467
468
476
476
477
482
506
511
516
520
528
530
549
556
562
565
566
578
588
589
594
606
614
617
620
635
636
640
640
643
651
651
653
654
660
672
672
683
690
702
719
726
770
782
789
795
798
818
821
827
842
856
860
863
866
870
872
873
881
891
914
927
929
936
946
970
988
1002
1002
1003
1011
1022
1028
1029
1034
1043
1045
1064
1072
1090
1107
1114
1117
1126
1130
1136
1139
1153
1162
1223
1225
1235
1261
1269
1280
1288
1292
1293
1298
1317
1318
1323
1331
1341
1351
1359
1361
1362
1366
1371
1392
1392
1400
1402
1403
1447
1447
1457
1458
1468
1468
1472
1479
1487
1491
1493
1497
1504
1510
1545
1557
1568
1569
1572
1621
1630
1650
1670
1670
1683
1693
1695
1696
1705
1732
1734
1735
1739
1755
1770
1772
1775
1777
1782
1786
1802
1808
1816
1873
1877
1892
1897
1914
1919
1928
1931
1964
1967
1969
1984
2011
2011
2019
2029
2031
2036
2039
2046
2052
2063
2079
2080
2087
2093
2096
2101
2115
2122
2133
2143
2145
2153
2159
2178
2183
2207
2212
2220
2221
2233
2236
2268
2273
2287
2290
2310
2315
2342
2360
2365
2384
2384
2401
2404
2412
2437
2442
2481
2509
2510
2521
2525
2525
2531
2538
2565
2586
2587
2590
2598
2608
2610
2613
2633
2634
2635
2637
2656
2660
2667
2669
2677
2696
2707
2715
2718
2719
2732
2739
2742
2752
2776
2784
2796
2796
2799
2806
2876
2880
2886
2887
2905
2912
2927
2937
2944
2967
2970
2990
3003
3003
3022
3070
3077
3091
3092
3131
3139
3142
3150
3159
3178
3180
3200
3210
3221
3221
3226
3265
3282
3285
3287
3291
3292
3308
3316
3325
3332
3345
3352
3366
3374
3376
3397
3402
3412
3415
3422
3432
3455
3468
3497
3500
3505
3507
3508
3517
3527
3530
3531
3532
3561
3569
3599
3604
3604
3610
3614
3659
3661
3667
3674
3675
3714
3717
3725
3730
3732
3734
3776
3789
3794
3802
3812
3820
3826
3828
3830
3840
3840
3855
3857
3868
3882
3894
3902
3913
3924
3950
3967
3975
3987
3990
3990
4014
4019
4026
4032
4033
4042
4043
4062
4075
4076
4111
4123
4131
4143
4146
4152
4167
4171
4180
4184
4215
4241
4249
4257
4259
4280
4306
4314
4324
4339
4371
4379
4383
4391
4431
4437
4450
4454
4459
4480
4483
4493
4504
4510
4522
4537
4573
4576
4610
4611
4617
4621
4632
4651
4665
4675
4676
4685
4699
4707
4733
4759
4774
4795
4796
4803
4806
4812
4828
4832
4838
4839
4840
4847
4859
4860
4883
4889
4896
4896
4922
4926
4929
4936
4936
4941
4942
4944
4960
4962
4989
4990
5033
5047
5076
5094
5105
5107
5112
5120
5130
5133
5139
5150
5156
5168
5192
5231
5238
5256
5257
5260
5260
5275
5288
5297
5316
5316
5328
5329
5338
5345
5356
5362
5379
5384
5395
5410
5414
5439
5449
5454
5458
5459
5462
5475
5478
5497
5518
5540
5555
5557
5564
5565
5567
5578
5600
5605
5607
5650
5654
5664
5666
5682
5687
5688
5690
5700
5729
5739
5749
5753
5771
5788
5822
5826
5832
5832
5838
5842
5856
5870
5874
5886
5886
5889
5897
5902
5904
5909
5912
5933
5941
5946
5967
5968
5980
5981
5988
5995
6014
6020
6047
6083
6084
6084
6086
6087
6103
6120
6136
6152
6173
6174
6187
6194
6201
6201
6204
6209
6217
6228
6229
6241
6266
6268
6280
6293
6298
6309
6310
6313
6320
6325
6330
6333
6337
6344
6344
6345
6349
6354
6360
6391
6402
6409
6416
6433
6457
6464
6465
6471
6471
6502
6528
6537
6553
6566
6567
6585
6617
6618
6626
6637
6669
6672
6673
6677
6684
6708
6710
6713
6736
6736
6741
6745
6756
6760
6774
6784
6796
6817
6847
6857
6860
6868
6882
6895
6919
6942
6955
6957
6960
6962
6963
6965
6970
6994
6996
7049
7072
7097
7100
7103
7109
7113
7125
7137
7159
7184
7184
7189
7211
7215
7222
7231
7234
7246
7251
7267
7267
7268
7273
7294
7311
7312
7314
7318
7322
7322
7346
7357
7378
7383
7401
7408
7414
7437
7448
7495
7504
7511
7521
7527
7538
7542
7564
7574
7596
7598
7599
7606
7615
7622
7629
7634
7639
7664
7667
7670
7674
7703
7718
7737
7757
7764
7766
7769
7771
7776
7795
7801
7812
7819
7856
7863
7866
7888
7890
7901
7906
7926
7929
7943
7949
7964
7979
7982
7986
7990
7993
8001
8006
8026
8041
8059
8072
8116
8119
8145
8146
8188
8190
8201
8217
8221
8237
8250
8253
8268
8274
8277
8287
8293
8302
8304
8304
8306
8308
8319
8356
8368
8370
8373
8386
8387
8392
8402
8408
8416
8419
8427
8434
8436
8450
8477
8479
8496
8499
8503
8504
8506
8512
8516
8518
8533
8535
8539
8545
8589
8611
8619
8639
8641
8645
8656
8671
8685
8723
8725
8728
8730
8736
8745
8767
8769
8770
8783
8791
8792
8817
8833
8845
8847
8853
8864
8867
8868
8878
8894
8921
8922
8925
8927
8932
8943
8947
8949
8956
8965
8973
8973
8976
8986
8988
8995
8997
9006
9022
9028
9030
9031
9041
9042
9068
9073
9087
9090
9094
9100
9117
9119
9120
9124
9144
9145
9147
9163
9174
9174
9179
9184
9196
9197
9212
9250
9266
9281
9283
9288
9300
9302
9302
9306
9310
9314
9335
9346
9361
9371
9383
9391
9392
9406
9413
9421
9452
9459
9464
9465
9478
9512
9516
9537
9541
9548
9575
9581
9631
9645
9646
9681
9688
9697
9705
9713
9718
9724
9732
9752
9755
9786
9790
9812
9827
9831
9846
9852
9868
9892
9900
9905
9911
9912
9914
9927
9931
9948
9963
9984
9988
